Astrocytesdeep	Astrocytessuperficial	Choroidplexus	Endothelial	Ependymal	Excitatorylayer3	Excitatorylayer4	Excitatorylayer56	ExcitatorylayerII	Interneurons	Interneuronsdeep	Microglia	Neuralprogenitors	Neuroblasts	NSC	Oligodendrocytes	OPC
6.81281680507055e-05	0.0547228840546726	6.81281680507121e-05	0.00886898508989336	6.81281680507122e-05	6.81281680507123e-05	6.81281680507112e-05	6.81281680507067e-05	6.81281680507116e-05	6.8128168050715e-05	6.81281680507111e-05	6.81281680507124e-05	6.81281680507107e-05	0.0105349708286866	6.81281680507121e-05	0.732147849747935	0.192907772262203
0.012961997614695	0.000313973690420764	0.00837287444451305	0.0661118888940041	0.00185304030854258	0.000105276859532285	0.0151144193530114	0.392529108070207	9.84975900583904e-05	9.79489739610781e-05	0.00173991633648386	0.0100108225070633	0.0171349611857768	9.79489739610778e-05	0.0260015611465381	0.345765574434843	0.101690189616388
6.87064905786294e-05	6.87064905786319e-05	6.87064905786281e-05	0.0595650727222271	6.8706490578628e-05	6.87064905786325e-05	7.26761324551106e-05	0.917733667284208	0.0164132364750702	6.87064905786278e-05	6.87064905786279e-05	6.87064905786282e-05	0.00270193465418011	0.00275764133549523	6.87064905786279e-05	6.8706490578628e-05	6.87064905786286e-05
0.0135936709009518	0.0770835751761212	6.84310654565335e-05	0.0178522302609915	0.000275244086391346	6.84310654565332e-05	7.98880951928541e-05	0.705540231225609	0.00379829012555143	6.84310654565334e-05	0.00510788121758911	0.0142951844952499	6.84310654565334e-05	6.84310654565336e-05	6.84310654565337e-05	0.0791323957921427	0.0828308222314703
4.70989400001406e-05	4.7098940000134e-05	4.70989400020635e-05	0.027702390602111	4.70989400001346e-05	4.70989400001277e-05	5.29421818779147e-05	0.943455392264389	0.028176988731617	4.70989400001347e-05	4.70989400001366e-05	4.70989400001343e-05	4.70989400001346e-05	4.70989400001341e-05	4.70989400001382e-05	4.70989400012633e-05	4.709894000013e-05
0.0416476876364639	6.87456111971266e-05	6.87456111971269e-05	0.0213721360748413	0.00246688652226868	0.0412575782077686	0.073415120332642	0.669755258583992	0.0524223972533499	0.0800995458127821	0.0139986757046923	6.87456111971268e-05	6.87456111971269e-05	0.00308349459281844	6.87456111971268e-05	6.87456111987792e-05	6.87456111971271e-05
0.00995865682555913	0.0692103896625022	6.90202031089408e-05	6.90202031089404e-05	0.00169098152576454	6.90202031089406e-05	0.0384563083832202	0.540290846169468	0.00100529258375882	0.112928386321471	0.0312307448870861	6.90202031089409e-05	0.00231908755942592	0.000730294321658224	0.000549500413985214	0.146680311926909	0.0446731186067561
0.000100097775969904	0.0489761449427442	0.00322234167142589	0.000100097775969904	0.0077778971908652	0.000100097775969904	0.058854238537609	0.704205498526886	0.0925636869312799	0.0520709855550758	0.00491858035011166	0.00181967359537433	0.0160098740725826	0.000100097775969904	0.00898049197022652	0.000100097775969904	0.000100097775969905
0.0162801358312785	0.044538974813943	0.00366696027354762	0.00625791704394912	0.00571887971600277	0.0671918612648816	0.0154618106811816	0.582394736429883	0.0250912844931713	0.0419068119160182	0.0105953988896022	9.87257806678118e-05	9.87257806678118e-05	9.87257806678119e-05	9.87257806678117e-05	0.120750890034235	0.0597494354896356
