Astrocytesdeep	Astrocytessuperficial	Choroidplexus	Endothelial	Ependymal	Excitatorylayer3	Excitatorylayer4	Excitatorylayer56	ExcitatorylayerII	Interneurons	Interneuronsdeep	Microglia	Neuralprogenitors	Neuroblasts	NSC	Oligodendrocytes	OPC
0.059771000021681	9.8074851807832e-05	0.00172979649361184	9.80748518078331e-05	0.00128995827700627	0.0339521319892247	0.0590941285659293	0.0160603963614447	0.664653887283696	0.130541995570091	0.00326372401796245	0.012808873428454	9.80748518078333e-05	9.80748518078327e-05	0.00462559649784683	0.000921980825947049	0.0108942312598742
9.84269030912011e-05	0.0889132391287789	9.84269030912031e-05	0.0607112780360393	0.00422975368190712	9.84269030912004e-05	0.13519295236167	9.84269030911989e-05	0.407567960424168	0.226849691149962	0.0306504314165692	0.0303055090059968	9.84269030912033e-05	0.00577893734459758	9.8426903091203e-05	9.84269030912033e-05	0.00911125912867274
6.9367520181027e-05	0.591355658544837	0.000381641216621737	0.0717868637459598	0.00479382364594277	0.000989815326698743	6.93675201810271e-05	6.93675201810248e-05	0.0200514423553797	0.247270874336293	6.93675201810266e-05	0.0131375756694034	0.00347762643728229	0.00594415117480587	0.0174826368868483	6.93675201810232e-05	0.022981053059022
6.8889121473407e-05	0.00112422786075051	0.00227596827505583	0.00514065383895978	6.88891214734058e-05	0.199684080543243	0.055961270751098	6.88891214734064e-05	0.665924083023856	0.0414898843651218	6.88891214734058e-05	0.0277798292486545	6.88891214734056e-05	6.88891214734059e-05	6.8889121473405e-05	6.8889121473406e-05	6.88891214734058e-05
0.0191011022751989	9.89193520023685e-05	9.89193520023692e-05	9.8919352002369e-05	9.89193520023693e-05	0.112264568775978	0.154271332032975	0.0244342070336477	0.504317340329489	0.14097656936359	9.89193520023687e-05	0.0277272874232487	9.89193520023682e-05	0.0033917951729639	9.89193520023686e-05	0.00478553155520498	0.00803783057368688
6.78850392694895e-05	6.78850392694781e-05	0.000422409943708801	6.78850392694755e-05	0.00135055288253487	6.78850392694775e-05	0.420631344390485	6.78850392694744e-05	0.55123824996485	6.78850392694758e-05	6.78850392694737e-05	0.025542822347188	6.78850392694758e-05	6.78850392694757e-05	6.78850392694757e-05	6.78850392694757e-05	6.78850392694726e-05
6.85091642322693e-05	6.85091642322734e-05	0.00646224837324975	0.0312380318226164	6.85091642322739e-05	0.0951484723179809	0.180456287334022	6.85091642322765e-05	0.623988893527857	0.060657666612794	6.85091642322731e-05	6.8509164232274e-05	6.85091642322735e-05	6.85091642322725e-05	6.85091642322749e-05	0.00136330836915674	6.85091642322738e-05
6.76836137770743e-05	0.0147043139380787	0.000601771089936824	6.76836137770736e-05	0.00148235557448705	6.76836137770723e-05	0.0192592875356348	6.76836137770758e-05	0.772467105611106	0.0790711779724527	6.76836137770735e-05	6.76836137770732e-05	0.0126420665039364	6.76836137770734e-05	6.76836137770738e-05	6.76836137770729e-05	0.0991627692503742
0.000101179043283089	0.000101179043283094	0.000101179043283088	0.185007711672031	0.0102149433210929	0.000101179043283083	0.0897266154745646	0.000101179043283092	0.642604064517695	0.0163313517929627	0.0105955883204782	0.0202008852781713	0.0147987766115434	0.000101179043283088	0.000101179043283087	0.00971063066519626	0.000101179043283087
