Astrocytesdeep	Astrocytessuperficial	Choroidplexus	Endothelial	Ependymal	Excitatorylayer3	Excitatorylayer4	Excitatorylayer56	ExcitatorylayerII	Interneurons	Interneuronsdeep	Microglia	Neuralprogenitors	Neuroblasts	NSC	Oligodendrocytes	OPC
6.92151009949787e-05	6.92151009949767e-05	6.92151009949781e-05	0.0426922769436873	0.00396737137675273	6.92151009949706e-05	0.0170679001547541	0.897597612884387	6.92151009949919e-05	0.015489267152657	6.9215100994978e-05	6.92151009949784e-05	6.92151009949781e-05	0.00744264750600376	6.92151009949777e-05	0.00358303857022278	0.0115369495025801
6.87468335581148e-05	0.00962438901793331	0.00369813151571727	0.0446038026695754	6.87468335581136e-05	0.0263599646802618	7.17373692038205e-05	0.721286455859089	6.87468335581141e-05	0.00259868525423813	0.0402478117317553	0.0316696086687668	6.87468335581132e-05	0.00544420713062203	0.00268923728579489	0.111362234649252	6.87468335581136e-05
0.0173964136821796	0.227140040333725	6.88902108916332e-05	6.88902108916314e-05	6.88902108916331e-05	0.00957053478484875	6.89451713740401e-05	0.635121133538145	0.009129661187467	6.88902108916352e-05	6.88902108916328e-05	6.88902108916325e-05	6.88902108916328e-05	6.88902108916326e-05	0.00427942736073832	0.0966738320434974	6.88902108916339e-05
6.86368135635381e-05	0.030727666115311	0.00173827699196377	0.0637540756043476	0.00661648215071357	6.86368135635387e-05	0.0810671093717936	0.724206604550923	0.0241136292524151	0.0451729914218797	0.000357278571784991	0.00219626083866562	0.000594238782559671	0.012934034524602	6.86368135635382e-05	6.86368135635382e-05	0.00624680456878651
0.050773830053828	6.8807727103508e-05	6.88077271035082e-05	0.0458795469649384	6.8807727103508e-05	0.00228207208489812	0.10085278152884	0.714609039174901	6.88077271035113e-05	6.88077271035084e-05	6.88077271035082e-05	0.00976974306002217	6.88077271035082e-05	6.88077271035083e-05	6.88077271035079e-05	0.0751449098615374	6.88077271035085e-05
0.0240946543282071	6.8289433296483e-05	6.82894332964831e-05	0.0128055687655189	6.8289433296483e-05	0.00543608846960971	0.0172365415999941	0.851131116389834	0.0239023689428927	0.05660364036547	0.00559624279285873	6.82894332964831e-05	6.82894332964837e-05	6.82894332964829e-05	0.00264746287924278	6.82894332967821e-05	6.82894332964829e-05
6.90660804672099e-05	6.90660804672095e-05	6.90660804672085e-05	6.90660804672085e-05	0.0016134346686104	0.138589517086261	0.135998473878317	0.584241908592783	0.0419735054484721	0.0632621820519783	0.0319601097859616	6.90660804672082e-05	0.00173927376341204	6.90660804672073e-05	6.90660804672099e-05	6.90660804672092e-05	6.906608046721e-05
0.0287328650708588	6.89359235710747e-05	6.89359235710743e-05	0.0378988591163962	6.89359235710746e-05	0.0719298835245926	0.0831516157864126	0.669353458497518	0.095230811901121	0.00781548448464344	6.89359235710753e-05	6.89359235710749e-05	6.89359235710745e-05	6.89359235710739e-05	6.89359235710741e-05	6.89359235710742e-05	0.00526659830631774
6.86894942935848e-05	6.86894942935884e-05	0.000195231702872384	0.0112467606004533	0.00068916825534224	0.0583238611145183	0.0703317336061178	0.641083975249091	0.00493966037990509	0.0549890941912534	0.0246581845069724	6.8689494293584e-05	6.86894942935837e-05	0.00020601873764358	6.86894942935843e-05	0.1277711458116	0.00522171837276362
