Astrocytesdeep	Astrocytessuperficial	Choroidplexus	Endothelial	Ependymal	Excitatorylayer3	Excitatorylayer4	Excitatorylayer56	ExcitatorylayerII	Interneurons	Interneuronsdeep	Microglia	Neuralprogenitors	Neuroblasts	NSC	Oligodendrocytes	OPC
9.86074779129447e-05	9.86074779129327e-05	9.86074779129326e-05	0.0418205113436623	9.86074779129325e-05	0.593174624703684	0.227680535185732	9.86074779129262e-05	0.0545634066738776	0.00867914482523118	0.00806024349759257	9.86074779129309e-05	9.86074779129325e-05	9.86074779129332e-05	0.00641112917795477	9.86074779129316e-05	0.0587229372910491
0.107075214222155	6.90659455395704e-05	0.00165557125386249	6.90659455395703e-05	6.90659455395703e-05	0.436956185939147	0.192580787180503	0.0602257655429071	0.150845676959163	0.0158687871237655	0.00557768874098779	0.00425293680387716	0.00253364647974687	6.90659455395704e-05	6.90659455395703e-05	6.90659455395702e-05	0.0220133440806477
0.0925949162687555	0.00898494939854985	9.78326655479747e-05	0.0715423469821564	0.001621196986508	0.326147788062486	0.333900391199913	0.0351107524657945	0.019625944556633	0.0929950626123209	0.00975613399830673	9.78326655479748e-05	0.00713352147528859	9.78326655479724e-05	9.78326655479754e-05	9.78326655479745e-05	9.78326655479749e-05
0.0427307902455879	0.129632915011261	6.83679044746746e-05	6.83679044746744e-05	6.83679044746756e-05	0.283167987665642	0.206519273356163	6.83679044746733e-05	0.313399756181854	0.0237972305902705	6.8367904474675e-05	6.83679044746744e-05	6.83679044746748e-05	6.83679044746748e-05	6.8367904474675e-05	6.83679044746751e-05	6.83679044746758e-05
0.11296215163472	0.0452710015786021	9.74540617463732e-05	0.0111235964644261	9.74540617463731e-05	0.404527729281447	0.24530641202874	0.0251379533538684	0.112707996800052	9.74540617463736e-05	0.00311850032811616	0.0287565615906982	9.7454061746373e-05	9.74540617463732e-05	0.0104059185071057	9.74540617463732e-05	9.74540617463737e-05
0.121104910617891	0.0114166816392247	9.66265507594849e-05	0.00447471622931147	9.66265507594849e-05	0.257656682305995	0.491863234769116	9.66265507594837e-05	0.0203261512190509	0.0666240410807002	0.0133217013162323	0.000689525307072357	9.66265507594852e-05	0.00294736142058284	9.6626550759485e-05	9.66265507594848e-05	0.00899523479026647
0.17325647411833	0.0545047402800994	9.70728473170454e-05	0.0363400652749589	0.00097720639005402	0.0974286143330529	0.415904166570688	9.70728473170443e-05	0.0791115822269133	0.123999148912281	0.0176573641013353	0.000141127861067958	9.70728473170453e-05	9.70728473170449e-05	9.70728473170449e-05	9.70728473170452e-05	9.70728473170457e-05
0.0897489615637182	0.0259596205830784	0.00472113898913943	0.0584559026714419	9.71787507178687e-05	0.36750842855806	0.217116512502086	0.0684974620399888	0.157666333081399	0.000122959806981457	9.71787507178683e-05	0.00699192343903074	9.7178750717869e-05	0.00262768426076894	9.71787507178689e-05	9.71787507178683e-05	9.71787507178688e-05
0.0267929893147905	0.000100726495301373	0.00488419658324571	0.000100726495301373	0.00910672444852468	0.297116230316287	0.286231399373333	0.139094091353621	0.120662395462977	0.0869484647390141	0.000100726495301373	0.00979508336168895	0.000100726495301374	0.000100726495301373	0.000100726495301373	0.0186633395794099	0.000100726495301373
