Astrocytesdeep	Astrocytessuperficial	Choroidplexus	Endothelial	Ependymal	Excitatorylayer3	Excitatorylayer4	Excitatorylayer56	ExcitatorylayerII	Interneurons	Interneuronsdeep	Microglia	Neuralprogenitors	Neuroblasts	NSC	Oligodendrocytes	OPC
0.00906186422041102	0.000641937830903892	0.930485989362771	0.00337332143970822	0.00513047967144307	4.80163441310613e-05	4.80163441310576e-05	0.0242257157682241	4.80163441310598e-05	0.0115457107158743	4.801634413106e-05	4.801634413106e-05	0.00226493577795911	4.80163441310615e-05	0.00894128369479156	0.00399264710899681	4.801634413106e-05
4.8193777772515e-05	0.0160789128081969	0.914861063781495	0.0337218135870645	0.0114706142546902	4.81937777725168e-05	4.8193777772519e-05	4.81937777725184e-05	4.81937777725167e-05	4.81937777725174e-05	4.81937777725174e-05	0.0204005233679599	4.81937777725176e-05	4.81937777725168e-05	0.000896237883756967	0.00208889653911103	4.81937777725155e-05
0.00549165170592361	4.85600084367419e-05	0.932798282806435	0.00671067752471702	0.0112156759461678	0.0109422170747553	4.85600084367413e-05	4.8560008436745e-05	0.00554165101008711	4.85600084367422e-05	4.85600084367419e-05	4.8560008436742e-05	0.00446905651172006	0.0112927351813847	4.85600084367421e-05	0.000554933216476974	0.0106431989632752
4.8091472338448e-05	0.00815720141354441	0.962939315230826	0.00574922120639158	0.00283160914608582	0.00304827446890535	4.80914723384462e-05	4.80914723384468e-05	4.80914723384458e-05	4.80914723384463e-05	4.80914723384464e-05	0.00322012836914663	0.00722100501723466	0.00640042189681961	4.80914723384484e-05	4.80914723384465e-05	4.80914723384511e-05
3.35244715697115e-05	0.00739055983996244	0.967101914600157	0.00640504421427251	4.24582783782506e-05	3.35244715697113e-05	3.35244715697077e-05	3.35244715697096e-05	3.35244715697113e-05	3.35244715697117e-05	0.00577040428136048	3.35244715697102e-05	3.96049792681776e-05	3.35244715697103e-05	0.0129147690909035	3.35244715697105e-05	3.35244715697104e-05
4.91641694326799e-05	4.91641694326957e-05	0.60875619845546	0.390331430088564	5.01700045126931e-05	4.91641694327643e-05	4.91641694327205e-05	4.91641694326977e-05	4.91641694326797e-05	4.91641694327056e-05	5.42753707664245e-05	4.9164169432696e-05	0.000114762337468873	0.000151522782205977	4.99992666952229e-05	4.91641694327005e-05	4.91641694326977e-05
4.84638875283322e-05	0.00724827930176257	0.95867938913126	4.84638875283346e-05	0.00502348626156885	0.000287493593363475	0.0113362185906001	4.84638875283341e-05	4.84638875283341e-05	4.84638875283343e-05	4.8463887528334e-05	4.8463887528334e-05	0.0125700816204379	4.84638875283351e-05	4.84638875283348e-05	0.00437041262572356	4.84638875283342e-05
3.35955492191709e-05	3.35955492191736e-05	0.861920620089941	0.103673216164521	0.00913927028879386	3.35955492191699e-05	3.35955492191699e-05	3.35955492191699e-05	0.0016422276070372	0.00193575497061331	3.3595549219169e-05	3.35955492191702e-05	0.009666598139702	0.00588097521123589	3.35955492191713e-05	0.000112952919268988	0.00575962021513363
4.73730572469203e-05	4.73730572469221e-05	0.859401867231802	0.109494607753478	4.73730572469221e-05	4.73730572469162e-05	4.7373057246922e-05	4.73730572469214e-05	4.73730572469179e-05	4.73730572469299e-05	4.73730572469223e-05	0.0304403022132629	4.73730572469223e-05	4.73730572469227e-05	4.73730572469222e-05	4.73730572469224e-05	4.73730572469191e-05
