Astrocytesdeep	Astrocytessuperficial	Choroidplexus	Endothelial	Ependymal	Excitatorylayer3	Excitatorylayer4	Excitatorylayer56	ExcitatorylayerII	Interneurons	Interneuronsdeep	Microglia	Neuralprogenitors	Neuroblasts	NSC	Oligodendrocytes	OPC
0.0475235497480619	6.89203182170506e-05	6.89203182170514e-05	0.0484349559195768	6.89203182170513e-05	0.327666990133692	0.0822645583160729	0.433427522917542	0.0299243503888399	0.00107624807370283	0.0155321758590841	6.89203182170515e-05	6.933487976123e-05	0.011355020664048	0.000611604505772977	0.00176908700275972	6.8920318217052e-05
0.0731535304895919	6.85793007546542e-05	6.85793007546541e-05	0.01763050705352	6.8579300754654e-05	0.109795156057662	0.0676138677788526	0.63576838193016	0.079156780175762	0.00542333042989502	0.0108412323777657	6.85793007546542e-05	6.85793007546541e-05	6.85793007546543e-05	6.8579300754654e-05	6.85793007537077e-05	6.8579300754654e-05
0.0737959021536534	0.0153630128328085	0.0011569370162588	0.00412862029735844	0.00726892726582396	0.101047833014981	0.0154782037771783	0.592163490212849	0.0712927016063648	0.098145006817504	0.0197446524041548	6.91187668440913e-05	6.91187668440915e-05	6.91187668440913e-05	6.91187668440919e-05	6.91187668440907e-05	6.91187668440906e-05
0.051065150031949	0.0459390833033444	0.000481210626029121	0.0182774831228912	6.84398873833344e-05	0.127573819957907	0.0170554470226083	0.533231786897099	0.0564468866529245	0.123700121476687	0.0208146939462158	0.00227409963037455	6.84398873833343e-05	6.84398873833344e-05	0.00174063590997019	6.843988738239e-05	0.00112582187246744
0.0382616146724548	0.00330186494429411	0.000482707242832769	0.0939344210495121	0.0107846355226336	0.0185196261894641	0.0610048988321465	0.374630659910492	0.0188512731476444	0.107830591659688	0.071451835604341	0.012710611893148	0.00498437818995355	9.8998975036329e-05	9.8998975036329e-05	0.173161828215358	0.00989105497596551
0.0981704222263582	6.89436581343241e-05	0.00083426111961593	6.89436581343246e-05	0.000825521952794673	0.129179329601286	0.0669395192228839	0.582130689805746	0.00839690516212616	0.04589921642521	0.0409872113021482	0.00672756592275148	0.0122887972976617	6.89436581343241e-05	0.00727584167074731	6.89436581333724e-05	6.89436581343241e-05
0.122395662548486	0.0709573104407906	9.71225394990293e-05	0.0461546224860288	0.0104566330909178	0.137671656683563	0.0664580031026061	0.421336085292272	9.7122539499031e-05	0.0828289658177089	0.0145832240826494	0.0110111618608957	0.00540189466107254	0.00729989941521186	0.00305639035980014	9.71225394990291e-05	9.71225394990293e-05
0.0303181450229584	6.93222130442597e-05	6.93222130442602e-05	6.93222130442595e-05	6.93222130442605e-05	0.336625723185549	0.0665717919796993	0.414188676242502	6.93222130442612e-05	0.0910674142295286	0.0604657049962761	6.93222130442602e-05	6.93222130442636e-05	6.93222130442596e-05	6.93222130442608e-05	6.93222130442608e-05	6.93222130442604e-05
0.0536581155357251	0.0205378069913169	6.91122921309633e-05	0.00506765133930041	6.91122921309631e-05	0.180797955216669	0.0736281178632812	0.47620719651303	0.0112815071131599	0.0724985704306919	0.0304050588662213	6.9112292130963e-05	6.91122921309634e-05	0.000610374076667119	6.91122921309634e-05	0.0643859075233802	0.0105761770699019
